NOAA 15                 
1 25338U 98030A   24327.52454915  .00000376  00000+0  17290-3 0  9991
2 25338  98.5556 351.2671 0009592 217.0073 143.0447 14.26802139379762
DMSP 5D-3 F16 (USA 172) 
1 28054U 03048A   24327.57755122  .00000363  00000+0  21429-3 0  9998
2 28054  99.0211 335.5588 0006831 332.5120 124.1778 14.14205592 88687
NOAA 18                 
1 28654U 05018A   24327.57629600  .00000421  00000+0  24759-3 0  9998
2 28654  98.8628  43.1453 0013666 337.7768  22.2810 14.13427545  5557
METEOSAT-9 (MSG-2)      
1 28912U 05049B   24326.87722528  .00000128  00000+0  00000+0 0  9997
2 28912   8.0527  59.5060 0002048 199.5682 163.7927  1.00274013  1278
EWS-G1 (GOES 13)        
1 29155U 06018A   24327.58498796 -.00000081  00000+0  00000+0 0  9999
2 29155   3.0401  83.3588 0063662 256.4216 128.4841  0.98832527 37604
DMSP 5D-3 F17 (USA 191) 
1 29522U 06050A   24327.55722910  .00000398  00000+0  22964-3 0  9995
2 29522  98.7430 334.8801 0009093 246.0713 113.9508 14.14669299931588
FENGYUN 3A              
1 32958U 08026A   24327.38240142  .00000406  00000+0  21396-3 0  9998
2 32958  98.6244 270.0709 0008460 344.1084  15.9825 14.19285244854286
NOAA 19                 
1 33591U 09005A   24327.55085087  .00000384  00000+0  22942-3 0  9997
2 33591  99.0275  24.8811 0013503 202.1584 157.9005 14.13206217813739
GOES 14                 
1 35491U 09033A   24327.56123568 -.00000061  00000+0  00000+0 0  9997
2 35491   0.1972  91.8205 0003290 119.1315 304.5790  1.00272788   860
DMSP 5D-3 F18 (USA 210) 
1 35951U 09057A   24327.52762805  .00000547  00000+0  30871-3 0  9994
2 35951  98.8356 300.9294 0012236  76.6321 283.6215 14.14391640778765
EWS-G2 (GOES 15)        
1 36411U 10008A   24327.58938575  .00000041  00000+0  00000+0 0  9995
2 36411   0.1860 273.0003 0006629 332.7270  90.1830  1.00267607 53912
COMS 1                  
1 36744U 10032A   24327.39388840 -.00000339  00000+0  00000+0 0  9995
2 36744   3.3542  82.7950 0001036 179.4646  69.5848  1.00271630 45358
FENGYUN 3B              
1 37214U 10059A   24327.59604853  .00000220  00000+0  13800-3 0  9998
2 37214  99.0401 357.8009 0022248   7.6723 143.9188 14.14625609726644
SUOMI NPP               
1 37849U 11061A   24327.56198511  .00000216  00000+0  12340-3 0  9995
2 37849  98.7375 263.2466 0001847 120.7847 239.3511 14.19501758677342
FENGYUN 2F              
1 38049U 12002A   24327.65203808 -.00000202  00000+0  00000+0 0  9992
2 38049   6.1361  72.4057 0002669 162.2860 178.9953  0.99138021 47136
METEOSAT-10 (MSG-3)     
1 38552U 12035B   24327.29701661  .00000000  00000+0  00000+0 0  9992
2 38552   3.3275  61.7630 0001636 231.1478 235.9628  1.00276320 45128
METOP-B                 
1 38771U 12049A   24327.61616345  .00000328  00000+0  16943-3 0  9990
2 38771  98.6079  21.1254 0001049  78.0969 282.0326 14.21590539632064
INSAT-3D                
1 39216U 13038B   24327.57966347 -.00000334  00000+0  00000+0 0  9990
2 39216   0.4440  90.6605 0002162 174.8460 134.7371  1.00269605 41349
FENGYUN 3C              
1 39260U 13052A   24327.55924063  .00000254  00000+0  14853-3 0  9997
2 39260  98.4392 318.8601 0010178 226.3619 133.6713 14.16348545577688
METEOR-M 2              
1 40069U 14037A   24327.59502815  .00000387  00000+0  19708-3 0  9992
2 40069  98.4503 314.8730 0004579 256.1592 103.9076 14.21142306538120
HIMAWARI-8              
1 40267U 14060A   24327.53925490 -.00000271  00000+0  00000+0 0  9994
2 40267   0.0695  99.6168 0001198 152.2490 144.9631  1.00271558 37021
FENGYUN 2G              
1 40367U 14090A   24327.63246141 -.00000295  00000+0  00000+0 0  9994
2 40367   4.1836  79.7045 0002355 187.2517 122.4218  1.00267355 36268
METEOSAT-11 (MSG-4)     
1 40732U 15034A   24327.22733843  .00000068  00000+0  00000+0 0  9991
2 40732   1.7704  71.4052 0001349 185.1259 256.3529  1.00276531  1484
ELEKTRO-L 2             
1 41105U 15074A   24327.07965072 -.00000111  00000+0  00000+0 0  9994
2 41105   5.2446  77.5372 0003970 186.2016 172.0226  1.00272576 32766
INSAT-3DR               
1 41752U 16054A   24326.85118906 -.00000075  00000+0  00000+0 0  9991
2 41752   0.1379  92.0025 0014217 175.5568 174.2151  1.00272429 30079
HIMAWARI-9              
1 41836U 16064A   24327.53934178 -.00000270  00000+0  00000+0 0  9995
2 41836   0.0345 137.3677 0001297  99.4207 160.1468  1.00273965 29471
GOES 16                 
1 41866U 16071A   24326.28099112 -.00000246  00000+0  00000+0 0  9990
2 41866   0.0194 262.0885 0001441  32.3146 152.3433  1.00270369 29359
FENGYUN 4A              
1 41882U 16077A   24327.57271750 -.00000193  00000+0  00000+0 0  9998
2 41882   0.8612  85.8187 0009136 337.9973 290.9018  1.00269979 29192
CYGFM05                 
1 41884U 16078A   24327.56133373  .00018165  00000+0  55664-3 0  9995
2 41884  34.9648  14.6214 0011579 203.6561 156.3624 15.32837679440348
CYGFM04                 
1 41885U 16078B   24327.51315601  .00018982  00000+0  56177-3 0  9994
2 41885  34.9398 357.2310 0010746 219.7504 140.2426 15.33938973440447
CYGFM02                 
1 41886U 16078C   24327.49804069  .00019624  00000+0  56761-3 0  9996
2 41886  34.9477 359.1133 0013354 211.8199 148.1712 15.34621979440532
CYGFM01                 
1 41887U 16078D   24327.56694168  .00017895  00000+0  55300-3 0  9998
2 41887  34.9480  18.6243 0011846 187.3438 172.7107 15.32569684440277
CYGFM08                 
1 41888U 16078E   24327.54556623  .00019236  00000+0  57244-3 0  9990
2 41888  34.9509   5.3885 0013656 211.8313 148.1579 15.33727070440468
CYGFM07                 
1 41890U 16078G   24327.48585287  .00019381  00000+0  56983-3 0  9994
2 41890  34.9516 356.7006 0011561 225.4478 134.5296 15.34133296440459
CYGFM03                 
1 41891U 16078H   24327.46719302  .00020715  00000+0  61189-3 0  9997
2 41891  34.9476 358.1497 0010518 211.8436 148.1646 15.33989052440435
FENGYUN 3D              
1 43010U 17072A   24327.55809304  .00000308  00000+0  16797-3 0  9990
2 43010  98.9340 283.3103 0000592 211.8672 148.2468 14.19502034363886
NOAA 20 (JPSS-1)        
1 43013U 17073A   24327.57894035  .00000251  00000+0  13950-3 0  9996
2 43013  98.7218 262.9258 0002285  99.8402 260.3032 14.19571794363377
GOES 17                 
1 43226U 18022A   24327.51090931 -.00000086  00000+0  00000+0 0  9999
2 43226   0.0025 141.7539 0003432 109.2159 250.2605  1.00271196 24693
FENGYUN 2H              
1 43491U 18050A   24327.52709163 -.00000123  00000+0  00000+0 0  9991
2 43491   1.5536  85.7386 0001355 153.6209  91.4896  1.00275317 23705
METOP-C                 
1 43689U 18087A   24327.58632118  .00000314  00000+0  16344-3 0  9994
2 43689  98.7043  24.8506 0001486  39.4135 320.7150 14.21480347313629
GEO-KOMPSAT-2A          
1 43823U 18100A   24326.60722750 -.00000341  00000+0  00000+0 0  9993
2 43823   0.0462 116.3414 0000592  40.9525 250.6794  1.00270080 21885
METEOR-M2 2             
1 44387U 19038A   24327.53016090  .00000345  00000+0  16990-3 0  9998
2 44387  98.8498 297.5585 0000760 165.9218 194.1981 14.24068379279926
ARKTIKA-M 1             
1 47719U 21016A   24325.27403188  .00000079  00000+0  00000+0 0  9991
2 47719  63.1353 133.5503 7001790 268.4895  17.5150  2.00607655 27286
FENGYUN 3E              
1 49008U 21062A   24327.55917406  .00000085  00000+0  60877-4 0  9991
2 49008  98.7386 326.7686 0000809 336.2976  23.8163 14.19815897175464
GOES 18                 
1 51850U 22021A   24327.44147389  .00000101  00000+0  00000+0 0  9994
2 51850   0.0116  78.3692 0000694 214.5627 150.9267  1.00271718   850
NOAA 21 (JPSS-2)        
1 54234U 22150A   24327.54619269  .00000267  00000+0  14720-3 0  9999
2 54234  98.7070 263.5123 0002222  60.6143 299.5255 14.19551902105449
METEOSAT-12 (MTG-I1)    
1 54743U 22170C   24327.42757898 -.00000003  00000+0  00000+0 0  9995
2 54743   0.6120  41.8132 0001235 185.3551 348.2575  1.00272658  7240
TIANMU-1 03             
1 55973U 23039A   24327.59496389  .00016574  00000+0  60691-3 0  9994
2 55973  97.4822 117.9593 0004368 352.1851   7.9319 15.28093103 92994
TIANMU-1 04             
1 55974U 23039B   24327.56669768  .00017517  00000+0  63832-3 0  9993
2 55974  97.4749 117.3580 0005306 346.7648  13.3451 15.28239048 92986
TIANMU-1 05             
1 55975U 23039C   24327.56236485  .00017184  00000+0  62924-3 0  9991
2 55975  97.4796 117.7537 0004306  11.9118 348.2222 15.28086657 92978
TIANMU-1 06             
1 55976U 23039D   24327.58922324  .00016985  00000+0  61716-3 0  9994
2 55976  97.4809 117.9787 0004744   7.9742 352.1572 15.28341916 92982
METEOR-M2 3             
1 57166U 23091A   24327.57039310  .00000066  00000+0  47964-4 0  9991
2 57166  98.6927  20.6634 0004601  43.3052 316.8488 14.23953358 73165
TIANMU-1 07             
1 57399U 23101A   24327.61456974  .00010604  00000+0  48279-3 0  9993
2 57399  97.3425  20.5000 0004686  14.8469 345.2903 15.20861451 74479
TIANMU-1 08             
1 57400U 23101B   24327.58274096  .00010812  00000+0  49160-3 0  9996
2 57400  97.3412  20.3222 0006925  12.5123 347.6283 15.20890103 74464
TIANMU-1 09             
1 57401U 23101C   24327.56610740  .00011456  00000+0  52146-3 0  9998
2 57401  97.3368  20.0541 0006650  10.4081 349.7292 15.20839720 74462
TIANMU-1 10             
1 57402U 23101D   24327.59932883  .00010651  00000+0  48469-3 0  9996
2 57402  97.3449  20.5263 0008667   5.7476 354.3858 15.20852170 74468
FENGYUN 3F              
1 57490U 23111A   24327.57362689  .00000216  00000+0  12219-3 0  9993
2 57490  98.7535  35.1189 0001213  52.4652 307.6634 14.19941753 67749
ARKTIKA-M 2             
1 58584U 23198A   24327.00382052  .00000065  00000+0  00000+0 0  9990
2 58584  63.2386 217.3498 6921129 269.5349  17.8492  2.00594635  6845
TIANMU-1 11             
1 58645U 23205A   24327.54074919  .00009726  00000+0  47555-3 0  9999
2 58645  97.3918 348.7737 0009866 205.4815 154.5934 15.18383976 50513
TIANMU-1 12             
1 58646U 23205B   24327.55719813  .00009962  00000+0  48795-3 0  9999
2 58646  97.3903 348.6886 0008067 195.5337 164.5650 15.18327822 50505
TIANMU-1 13             
1 58647U 23205C   24327.59016744  .00009445  00000+0  46253-3 0  9990
2 58647  97.3934 348.7757 0009104 175.0436 185.0890 15.18344033 50501
TIANMU-1 14             
1 58648U 23205D   24327.57406337  .00009182  00000+0  44974-3 0  9996
2 58648  97.3859 348.4704 0009558 179.7946 180.3294 15.18338662 50504
TIANMU-1 19             
1 58660U 23208A   24327.56342242  .00012783  00000+0  61367-3 0  9992
2 58660  97.4198  76.4579 0006761 164.2928 195.8518 15.18973167 50173
TIANMU-1 20             
1 58661U 23208B   24327.59217910  .00013706  00000+0  63441-3 0  9990
2 58661  97.4130  76.5594 0009280 177.8083 182.3194 15.20202297 50206
TIANMU-1 21             
1 58662U 23208C   24327.60657363  .00014597  00000+0  65040-3 0  9999
2 58662  97.4168  77.1647 0008911 177.2760 182.8526 15.21501252 50231
TIANMU-1 22             
1 58663U 23208D   24327.56500236  .00012186  00000+0  58110-3 0  9993
2 58663  97.4190  76.5458 0004758 184.2738 175.8457 15.19226599 50182
TIANMU-1 15             
1 58700U 24004A   24327.56987834  .00010710  00000+0  52418-3 0  9999
2 58700  97.4611 146.1359 0008263 207.6164 152.4632 15.18338238 48775
TIANMU-1 16             
1 58701U 24004B   24327.61678593  .00010235  00000+0  50214-3 0  9999
2 58701  97.4538 145.9166 0008370 210.0539 150.0215 15.18262973 48784
TIANMU-1 17             
1 58702U 24004C   24327.60287318  .00010421  00000+0  51029-3 0  9992
2 58702  97.4578 146.1175 0006827 204.7368 155.3539 15.18336280 48776
TIANMU-1 18             
1 58703U 24004D   24327.58560931  .00011033  00000+0  53996-3 0  9990
2 58703  97.4597 146.2071 0006591 196.2473 163.8551 15.18340988 48772
INSAT-3DS               
1 58990U 24033A   24327.57271750 -.00000152  00000+0  00000+0 0  9992
2 58990   0.0567 268.3613 0001685 342.4762  99.5028  1.00272289 41333
METEOR-M2 4             
1 59051U 24039A   24327.56368664  .00000140  00000+0  82604-4 0  9998
2 59051  98.6215 285.7288 0007715  32.9383 327.2274 14.22304052 38002
GOES 19                 
1 60133U 24119A   24327.49980039 -.00000178  00000+0  00000+0 0  9995
2 60133   0.0041 156.0433 0000660 144.3589 212.0715  1.00271681  1238